lower_bound	P_density_paired	P_density_unpaired
0	0.107552392249901	0.0241837968561064
0.0100000000000000	0.0573349149861605	0.0108827085852479
0.0200000000000000	0.0604982206405694	0.0126964933494559
0.0300000000000000	0.0525899565045473	0.0133010882708585
0.0400000000000000	0.0541716093317517	0.0120918984280532
0.0500000000000000	0.0506128904705417	0.0145102781136638
0.0600000000000000	0.0438908659549229	0.00967351874244256
0.0700000000000000	0.0351917754052985	0.00967351874244256
0.0800000000000000	0.0328192961644919	0.0145102781136638
0.0900000000000000	0.0257018584420720	0.0175332527206771
0.100000000000000	0.0351917754052985	0.00906892382103990
0.110000000000000	0.0189798339264531	0.0126964933494559
0.120000000000000	0.0245156188216686	0.0102781136638452
0.130000000000000	0.0193752471332543	0.00967351874244256
0.140000000000000	0.0138394622380388	0.0120918984280532
0.150000000000000	0.0173981810992487	0.00906892382103990
0.160000000000000	0.0158165282720443	0.00785973397823458
0.170000000000000	0.0166073546856465	0.00846432889963724
0.180000000000000	0.0177935943060498	0.0151148730350665
0.190000000000000	0.0130486358244365	0.00967351874244256
0.200000000000000	0.00474495848161329	0.00362756952841596
0.210000000000000	0.0106761565836299	0.00967351874244256
0.220000000000000	0.00988533017002768	0.00906892382103990
0.230000000000000	0.00830367734282325	0.0114873035066505
0.240000000000000	0.00948991696322657	0.00785973397823458
0.250000000000000	0.00711743772241993	0.00544135429262394
0.260000000000000	0.00830367734282325	0.00665054413542926
0.270000000000000	0.0122578094108343	0.0102781136638452
0.280000000000000	0.00474495848161329	0.00906892382103990
0.290000000000000	0.00948991696322657	0.00906892382103990
0.300000000000000	0.00751285092922104	0.0120918984280532
0.310000000000000	0.00632661130881772	0.00785973397823458
0.320000000000000	0.00790826413602214	0.0120918984280532
0.330000000000000	0.00672202451561882	0.00665054413542926
0.340000000000000	0.00355871886120996	0.0102781136638452
0.350000000000000	0.00593119810201661	0.00846432889963724
0.360000000000000	0.00355871886120996	0.0108827085852479
0.370000000000000	0.00316330565440886	0.00725513905683192
0.380000000000000	0.00197706603400554	0.0102781136638452
0.390000000000000	0.00593119810201661	0.00544135429262394
0.400000000000000	0.00276789244760775	0.00423216444981862
0.410000000000000	0.00355871886120996	0.00846432889963724
0.420000000000000	0.00316330565440886	0.00967351874244256
0.430000000000000	0.00355871886120996	0.00302297460701330
0.440000000000000	0.00434954527481218	0.00725513905683192
0.450000000000000	0.00316330565440886	0.00785973397823458
0.460000000000000	0.00395413206801107	0.00604594921402660
0.470000000000000	0.00316330565440886	0.00906892382103990
0.480000000000000	0.00276789244760775	0.00846432889963724
0.490000000000000	0.00355871886120996	0.00544135429262394
0.500000000000000	0.00474495848161329	0.00785973397823458
0.510000000000000	0.00395413206801107	0.00785973397823458
0.520000000000000	0.00118623962040332	0.00604594921402660
0.530000000000000	0.00276789244760775	0.00604594921402660
0.540000000000000	0.00237247924080664	0.00483675937122128
0.550000000000000	0.00197706603400554	0.00544135429262394
0.560000000000000	0.00395413206801107	0.00785973397823458
0.570000000000000	0.00316330565440886	0.00665054413542926
0.580000000000000	0.00118623962040332	0.00665054413542926
0.590000000000000	0.00355871886120996	0.00785973397823458
0.600000000000000	0.00316330565440886	0.00483675937122128
0.610000000000000	0.00118623962040332	0.00725513905683192
0.620000000000000	0.00197706603400554	0.00906892382103990
0.630000000000000	0.00316330565440886	0.00967351874244256
0.640000000000000	0.00237247924080664	0.00785973397823458
0.650000000000000	0.00158165282720443	0.00604594921402660
0.660000000000000	0	0.00483675937122128
0.670000000000000	0.00197706603400554	0.00785973397823458
0.680000000000000	0.000395413206801107	0.00423216444981862
0.690000000000000	0.00118623962040332	0.00483675937122128
0.700000000000000	0.00197706603400554	0.00483675937122128
0.710000000000000	0.000790826413602214	0.00483675937122128
0.720000000000000	0.000395413206801107	0.00846432889963724
0.730000000000000	0.00197706603400554	0.00544135429262394
0.740000000000000	0.00158165282720443	0.00604594921402660
0.750000000000000	0.00118623962040332	0.00906892382103990
0.760000000000000	0.000790826413602214	0.00423216444981862
0.770000000000000	0.00197706603400554	0.00483675937122128
0.780000000000000	0.00237247924080664	0.00725513905683192
0.790000000000000	0.00158165282720443	0.00483675937122128
0.800000000000000	0.00237247924080664	0.00665054413542926
0.810000000000000	0.00237247924080664	0.00725513905683192
0.820000000000000	0.000395413206801107	0.00785973397823458
0.830000000000000	0.00158165282720443	0.0108827085852479
0.840000000000000	0.000790826413602214	0.00906892382103990
0.850000000000000	0.000395413206801107	0.00604594921402660
0.860000000000000	0.00118623962040332	0.00544135429262394
0.870000000000000	0.00158165282720443	0.00181378476420798
0.880000000000000	0.000395413206801107	0.00241837968561064
0.890000000000000	0.000395413206801107	0.00785973397823458
0.900000000000000	0.000395413206801107	0.00544135429262394
0.910000000000000	0	0.00362756952841596
0.920000000000000	0.000790826413602214	0.00181378476420798
0.930000000000000	0.000395413206801107	0.00302297460701330
0.940000000000000	0	0.00665054413542926
0.950000000000000	0	0.00544135429262394
0.960000000000000	0	0.00604594921402660
0.970000000000000	0.00197706603400554	0.00483675937122128
0.980000000000000	0.000790826413602214	0.00483675937122128
0.990000000000000	0	0.00604594921402660
1	0.00197706603400554	0.00302297460701330
1.01000000000000	0.00118623962040332	0.00483675937122128
1.02000000000000	0.000790826413602214	0.00483675937122128
1.03000000000000	0.000790826413602214	0.00120918984280532
1.04000000000000	0	0.00423216444981862
1.05000000000000	0	0.00120918984280532
1.06000000000000	0.000790826413602214	0.00362756952841596
1.07000000000000	0	0.00181378476420798
1.08000000000000	0.000395413206801107	0.00241837968561064
1.09000000000000	0.000395413206801107	0.00362756952841596
1.10000000000000	0	0.00544135429262394
1.11000000000000	0.000790826413602214	0.00241837968561064
1.12000000000000	0.000395413206801107	0.00302297460701330
1.13000000000000	0.00118623962040332	0.00362756952841596
1.14000000000000	0.00158165282720443	0.00302297460701330
1.15000000000000	0.00158165282720443	0.00604594921402660
1.16000000000000	0.000395413206801107	0.00181378476420798
1.17000000000000	0.000395413206801107	0.00181378476420798
1.18000000000000	0.000790826413602214	0.00423216444981862
1.19000000000000	0.000395413206801107	0.00181378476420798
1.20000000000000	0	0.00181378476420798
1.21000000000000	0.000395413206801107	0.00181378476420798
1.22000000000000	0.00118623962040332	0.00423216444981862
1.23000000000000	0.00158165282720443	0.000604594921402660
1.24000000000000	0	0.00120918984280532
1.25000000000000	0	0.00120918984280532
1.26000000000000	0.000790826413602214	0.00362756952841596
1.27000000000000	0.000395413206801107	0.000604594921402660
1.28000000000000	0	0.00181378476420798
1.29000000000000	0.000395413206801107	0.00181378476420798
1.30000000000000	0	0.00120918984280532
1.31000000000000	0	0.00241837968561064
1.32000000000000	0.000395413206801107	0.00423216444981862
1.33000000000000	0	0.00362756952841596
1.34000000000000	0	0.00241837968561064
1.35000000000000	0.000395413206801107	0.00181378476420798
1.36000000000000	0	0.00181378476420798
1.37000000000000	0.000395413206801107	0.00241837968561064
1.38000000000000	0.000395413206801107	0.00362756952841596
1.39000000000000	0	0.000604594921402660
1.40000000000000	0.000395413206801107	0.000604594921402660
1.41000000000000	0	0.00302297460701330
1.42000000000000	0.000395413206801107	0.00181378476420798
1.43000000000000	0	0.000604594921402660
1.44000000000000	0.000395413206801107	0.000604594921402660
1.45000000000000	0	0.00362756952841596
1.46000000000000	0.000395413206801107	0.000604594921402660
1.47000000000000	0.000790826413602214	0.000604594921402660
1.48000000000000	0.000395413206801107	0.00181378476420798
1.49000000000000	0.000395413206801107	0.000604594921402660
1.50000000000000	0.000395413206801107	0.00181378476420798
1.51000000000000	0	0.00120918984280532
1.52000000000000	0.000395413206801107	0
1.53000000000000	0.000395413206801107	0.000604594921402660
1.54000000000000	0	0.00120918984280532
1.55000000000000	0.000395413206801107	0
1.56000000000000	0	0.00181378476420798
1.57000000000000	0	0.00241837968561064
1.58000000000000	0.000395413206801107	0.000604594921402660
1.59000000000000	0.000395413206801107	0.00120918984280532
1.60000000000000	0.000395413206801107	0.00120918984280532
1.61000000000000	0.00118623962040332	0.000604594921402660
1.62000000000000	0.000395413206801107	0
1.63000000000000	0	0.000604594921402660
1.64000000000000	0	0
1.65000000000000	0	0
1.66000000000000	0.000395413206801107	0.000604594921402660
1.67000000000000	0.000395413206801107	0.000604594921402660
1.68000000000000	0	0.000604594921402660
1.69000000000000	0	0.000604594921402660
1.70000000000000	0.000395413206801107	0.00120918984280532
1.71000000000000	0.000395413206801107	0
1.72000000000000	0	0.00120918984280532
1.73000000000000	0	0.00181378476420798
1.74000000000000	0	0
1.75000000000000	0	0.000604594921402660
1.76000000000000	0	0.000604594921402660
1.77000000000000	0.000395413206801107	0.00120918984280532
1.78000000000000	0.000395413206801107	0.00181378476420798
1.79000000000000	0	0
1.80000000000000	0	0.00120918984280532
1.81000000000000	0	0.00120918984280532
1.82000000000000	0	0.000604594921402660
1.83000000000000	0	0.00120918984280532
1.84000000000000	0	0.00120918984280532
1.85000000000000	0	0.000604594921402660
1.86000000000000	0	0.000604594921402660
1.87000000000000	0.000790826413602214	0
1.88000000000000	0	0.00181378476420798
1.89000000000000	0	0
1.90000000000000	0	0.00181378476420798
1.91000000000000	0.000395413206801107	0.000604594921402660
1.92000000000000	0	0
1.93000000000000	0.000395413206801107	0.000604594921402660
1.94000000000000	0	0.00181378476420798
1.95000000000000	0	0.00120918984280532
1.96000000000000	0.000395413206801107	0
1.97000000000000	0	0.000604594921402660
1.98000000000000	0	0.000604594921402660
1.99000000000000	0.000790826413602214	0.00120918984280532
2	0	0
2.01000000000000	0	0.000604594921402660
2.02000000000000	0	0
2.03000000000000	0	0.00120918984280532
2.04000000000000	0.000395413206801107	0.000604594921402660
2.05000000000000	0	0.00120918984280532
2.06000000000000	0	0.00120918984280532
2.07000000000000	0	0
2.08000000000000	0.000395413206801107	0.000604594921402660
2.09000000000000	0	0
2.10000000000000	0	0
2.11000000000000	0	0.00120918984280532
2.12000000000000	0	0.000604594921402660
2.13000000000000	0	0.00120918984280532
2.14000000000000	0	0
2.15000000000000	0	0
2.16000000000000	0.000395413206801107	0
2.17000000000000	0	0
2.18000000000000	0	0
2.19000000000000	0	0
2.20000000000000	0	0.000604594921402660
2.21000000000000	0	0.00120918984280532
2.22000000000000	0	0.00120918984280532
2.23000000000000	0	0
2.24000000000000	0.000395413206801107	0.00181378476420798
2.25000000000000	0	0.000604594921402660
2.26000000000000	0	0
2.27000000000000	0	0.00181378476420798
2.28000000000000	0	0
2.29000000000000	0	0.000604594921402660
2.30000000000000	0	0
2.31000000000000	0	0
2.32000000000000	0	0.000604594921402660
2.33000000000000	0	0
2.34000000000000	0	0.000604594921402660
2.35000000000000	0	0.000604594921402660
2.36000000000000	0	0
2.37000000000000	0	0.000604594921402660
2.38000000000000	0	0.000604594921402660
2.39000000000000	0	0
2.40000000000000	0	0.000604594921402660
2.41000000000000	0.000790826413602214	0
2.42000000000000	0	0.000604594921402660
2.43000000000000	0	0.000604594921402660
2.44000000000000	0.000395413206801107	0
2.45000000000000	0	0
2.46000000000000	0	0.000604594921402660
2.47000000000000	0	0.000604594921402660
2.48000000000000	0	0
2.49000000000000	0	0.00120918984280532
2.50000000000000	0	0
2.51000000000000	0	0.000604594921402660
2.52000000000000	0	0
2.53000000000000	0	0
2.54000000000000	0	0
2.55000000000000	0	0
2.56000000000000	0	0.00120918984280532
2.57000000000000	0	0.000604594921402660
2.58000000000000	0	0
2.59000000000000	0	0
2.60000000000000	0	0.00120918984280532
2.61000000000000	0	0
2.62000000000000	0	0
2.63000000000000	0	0
2.64000000000000	0	0
2.65000000000000	0	0
2.66000000000000	0	0.000604594921402660
2.67000000000000	0	0
2.68000000000000	0	0
2.69000000000000	0	0.000604594921402660
2.70000000000000	0.000395413206801107	0
2.71000000000000	0	0.000604594921402660
2.72000000000000	0	0
2.73000000000000	0	0
2.74000000000000	0	0
2.75000000000000	0	0.000604594921402660
2.76000000000000	0	0
2.77000000000000	0.000395413206801107	0
2.78000000000000	0	0
2.79000000000000	0	0.000604594921402660
2.80000000000000	0	0
2.81000000000000	0	0
2.82000000000000	0	0.000604594921402660
2.83000000000000	0	0
2.84000000000000	0	0
2.85000000000000	0.000395413206801107	0.000604594921402660
2.86000000000000	0	0
2.87000000000000	0	0
2.88000000000000	0	0.000604594921402660
2.89000000000000	0	0
2.90000000000000	0	0
2.91000000000000	0.000395413206801107	0
2.92000000000000	0	0
2.93000000000000	0	0.000604594921402660
2.94000000000000	0	0
2.95000000000000	0	0
2.96000000000000	0	0
2.97000000000000	0	0
2.98000000000000	0	0.00120918984280532
2.99000000000000	0	0
3	0	0.000604594921402660
3.01000000000000	0	0
3.02000000000000	0	0.000604594921402660
3.03000000000000	0	0
3.04000000000000	0	0
3.05000000000000	0	0
3.06000000000000	0	0.000604594921402660
3.07000000000000	0	0
3.08000000000000	0	0.000604594921402660
3.09000000000000	0	0.000604594921402660
3.10000000000000	0	0
3.11000000000000	0.000395413206801107	0.000604594921402660
3.12000000000000	0	0
3.13000000000000	0	0
3.14000000000000	0	0
3.15000000000000	0	0
3.16000000000000	0	0
3.17000000000000	0	0
3.18000000000000	0	0
3.19000000000000	0	0
3.20000000000000	0	0
3.21000000000000	0	0.000604594921402660
3.22000000000000	0	0
3.23000000000000	0	0
3.24000000000000	0	0
3.25000000000000	0	0
3.26000000000000	0	0
3.27000000000000	0	0
3.28000000000000	0	0
3.29000000000000	0.000790826413602214	0
3.30000000000000	0	0
3.31000000000000	0	0
3.32000000000000	0	0
3.33000000000000	0	0
3.34000000000000	0	0
3.35000000000000	0	0
3.36000000000000	0	0
3.37000000000000	0	0
3.38000000000000	0	0
3.39000000000000	0	0.000604594921402660
3.40000000000000	0	0
3.41000000000000	0	0
3.42000000000000	0	0
3.43000000000000	0	0
3.44000000000000	0	0
3.45000000000000	0	0.000604594921402660
3.46000000000000	0	0
3.47000000000000	0	0
3.48000000000000	0	0
3.49000000000000	0	0
3.50000000000000	0	0
3.51000000000000	0	0
3.52000000000000	0	0
3.53000000000000	0	0
3.54000000000000	0	0
3.55000000000000	0	0
3.56000000000000	0	0.000604594921402660
3.57000000000000	0	0
3.58000000000000	0	0
3.59000000000000	0	0
3.60000000000000	0	0.000604594921402660
3.61000000000000	0	0
3.62000000000000	0	0
3.63000000000000	0	0
3.64000000000000	0	0
3.65000000000000	0	0
3.66000000000000	0	0
3.67000000000000	0	0
3.68000000000000	0	0
3.69000000000000	0	0
3.70000000000000	0	0
3.71000000000000	0	0
3.72000000000000	0	0
3.73000000000000	0	0
3.74000000000000	0	0
3.75000000000000	0.000395413206801107	0
3.76000000000000	0	0
3.77000000000000	0	0
3.78000000000000	0	0
3.79000000000000	0	0
3.80000000000000	0	0
3.81000000000000	0	0
3.82000000000000	0	0
3.83000000000000	0	0.000604594921402660
3.84000000000000	0	0
3.85000000000000	0	0
3.86000000000000	0	0
3.87000000000000	0	0
3.88000000000000	0	0
3.89000000000000	0	0
3.90000000000000	0	0.000604594921402660
3.91000000000000	0	0
3.92000000000000	0	0
3.93000000000000	0	0
3.94000000000000	0	0
3.95000000000000	0	0
3.96000000000000	0	0
3.97000000000000	0	0
3.98000000000000	0	0
3.99000000000000	0	0
4	0	0
4.01000000000000	0	0
4.02000000000000	0	0.000604594921402660
4.03000000000000	0	0
4.04000000000000	0	0
4.05000000000000	0	0
4.06000000000000	0	0
4.07000000000000	0	0
4.08000000000000	0	0
4.09000000000000	0	0
4.10000000000000	0	0
4.11000000000000	0	0
4.12000000000000	0	0
4.13000000000000	0	0
4.14000000000000	0	0
4.15000000000000	0	0
4.16000000000000	0	0
4.17000000000000	0	0.000604594921402660
4.18000000000000	0	0
4.19000000000000	0	0
4.20000000000000	0	0
4.21000000000000	0	0
4.22000000000000	0	0
4.23000000000000	0	0
4.24000000000000	0	0
4.25000000000000	0	0
4.26000000000000	0	0
4.27000000000000	0	0
4.28000000000000	0	0
4.29000000000000	0	0
4.30000000000000	0	0
4.31000000000000	0	0
4.32000000000000	0	0
4.33000000000000	0	0
4.34000000000000	0	0
4.35000000000000	0	0
4.36000000000000	0	0
4.37000000000000	0	0
4.38000000000000	0	0
4.39000000000000	0	0
4.40000000000000	0	0
4.41000000000000	0	0
4.42000000000000	0	0
4.43000000000000	0	0
4.44000000000000	0	0
4.45000000000000	0	0
4.46000000000000	0	0
4.47000000000000	0	0
4.48000000000000	0	0
4.49000000000000	0	0
4.50000000000000	0	0
4.51000000000000	0	0
4.52000000000000	0	0
4.53000000000000	0	0
4.54000000000000	0	0
4.55000000000000	0	0
4.56000000000000	0	0
4.57000000000000	0	0
4.58000000000000	0	0
4.59000000000000	0	0
4.60000000000000	0	0
4.61000000000000	0	0
4.62000000000000	0	0
4.63000000000000	0	0
4.64000000000000	0	0
4.65000000000000	0	0
4.66000000000000	0	0
4.67000000000000	0	0
4.68000000000000	0	0
4.69000000000000	0	0
4.70000000000000	0	0
4.71000000000000	0	0
4.72000000000000	0	0
4.73000000000000	0	0
4.74000000000000	0	0
4.75000000000000	0	0
4.76000000000000	0	0
4.77000000000000	0	0
4.78000000000000	0	0
4.79000000000000	0	0
4.80000000000000	0	0
4.81000000000000	0.000395413206801107	0
4.82000000000000	0	0
4.83000000000000	0	0
4.84000000000000	0	0
4.85000000000000	0	0
4.86000000000000	0	0
4.87000000000000	0	0
4.88000000000000	0	0
4.89000000000000	0	0
4.90000000000000	0	0
4.91000000000000	0	0
4.92000000000000	0	0
4.93000000000000	0	0
4.94000000000000	0	0
4.95000000000000	0	0
4.96000000000000	0	0
4.97000000000000	0	0
4.98000000000000	0	0
4.99000000000000	0	0
5	0	0.00241837968561064
